(3, 4)
(8, 10)
(4, 12)
(13, 18)
(8, 11)
(8, 22)
(19, 22)
(5, 28)
(26, 36)
(19, 23)
(19, 46)
(42, 46)
(17, 52)
(50, 58)
(6, 60)
(39, 66)
(16, 35)
(16, 70)
(51, 70)
(72, 82)
(19, 48)
(19, 96)
(67, 96)
(69, 100)
(70, 106)
(72, 130)
(41, 138)
(87, 148)
(101, 162)
(48, 83)
(48, 166)
(131, 166)
(27, 172)
(108, 178)
(56, 180)
(89, 95)
(89, 190)
(184, 190)
(42, 96)
(42, 192)
(138, 192)
(181, 196)
(43, 210)
(46, 226)
(48, 119)
(48, 238)
(167, 238)
(83, 131)
(83, 262)
(214, 262)
(109, 268)
(157, 292)
(93, 102)
(93, 204)
(195, 204)
(93, 306)
(195, 306)
(297, 306)
(92, 155)
(92, 310)
(247, 310)
(56, 156)
(56, 312)
(212, 312)
(249, 316)
(152, 346)
(26, 348)
(69, 179)
(69, 358)
(248, 358)
(238, 372)
(137, 378)
(184, 191)
(184, 382)
(375, 382)
(271, 388)
(11, 204)
(11, 408)
(215, 408)
(100, 418)
(404, 420)
(13, 43)
(13, 86)
(56, 86)
(13, 129)
(56, 129)
(99, 129)
(13, 172)
(56, 172)
(99, 172)
(142, 172)
(13, 215)
(56, 215)
(99, 215)
(142, 215)
(185, 215)
(13, 258)
(56, 258)
(99, 258)
(142, 258)
(185, 258)
(228, 258)
(13, 301)
(56, 301)
(99, 301)
(142, 301)
(185, 301)
(228, 301)
(271, 301)
(13, 344)
(56, 344)
(99, 344)
(142, 344)
(185, 344)
(228, 344)
(271, 344)
(314, 344)
(13, 387)
(56, 387)
(99, 387)
(142, 387)
(185, 387)
(228, 387)
(271, 387)
(314, 387)
(357, 387)
(13, 430)
(56, 430)
(99, 430)
(142, 430)
(185, 430)
(228, 430)
(271, 430)
(314, 430)
(357, 430)
(400, 430)
(318, 442)
(111, 460)
(450, 466)
(25, 239)
(25, 478)
(264, 478)
(320, 490)
(151, 166)
(151, 332)
(317, 332)
(151, 498)
(317, 498)
(483, 498)
(130, 251)
(130, 502)
(381, 502)
(9, 508)
(297, 522)
(104, 540)
(429, 546)
(435, 556)
(530, 562)
(105, 144)
(105, 288)
(249, 288)
(105, 432)
(249, 432)
(393, 432)
(105, 576)
(249, 576)
(393, 576)
(537, 576)
(478, 586)
(175, 299)
(175, 598)
(474, 598)
(114, 612)
(75, 618)
(175, 214)
(175, 428)
(389, 428)
(175, 642)
(389, 642)
(603, 642)
(80, 323)
(80, 646)
(403, 646)
(443, 652)
(186, 658)
(570, 660)
(479, 676)
(429, 700)
(172, 708)
(224, 359)
(224, 718)
(583, 718)
(110, 371)
(110, 742)
(481, 742)
(84, 756)
(184, 384)
(184, 768)
(568, 768)
(21, 772)
(699, 786)
(563, 796)
(621, 820)
(256, 826)
(376, 828)
(228, 419)
(228, 838)
(647, 838)
(474, 852)
(119, 858)
(142, 431)
(142, 862)
(573, 862)
(686, 876)
(301, 882)
(259, 443)
(259, 886)
(702, 886)
(295, 906)
(583, 940)
(914, 946)
(478, 491)
(478, 982)
(969, 982)
(114, 332)
(114, 664)
(446, 664)
(114, 996)
(446, 996)
(778, 996)
(57, 504)
(57, 1008)
(561, 1008)
(958, 1018)
(10, 340)
(10, 680)
(350, 680)
(10, 1020)
(350, 1020)
(690, 1020)
(486, 515)
(486, 1030)
(1001, 1030)
(167, 1060)
(520, 1090)
(260, 364)
(260, 728)
(624, 728)
(260, 1092)
(624, 1092)
(988, 1092)
(219, 1108)
(1104, 1116)
(197, 1122)
(193, 564)
(193, 1128)
(757, 1128)
(284, 575)
(284, 1150)
(859, 1150)
(155, 1170)
(646, 1186)
(259, 300)
(259, 600)
(559, 600)
(259, 900)
(559, 900)
(859, 900)
(259, 1200)
(559, 1200)
(859, 1200)
(1159, 1200)
(928, 1212)
(585, 611)
(585, 1222)
(1196, 1222)
(603, 1228)
(1012, 1236)
(1096, 1258)
(669, 1276)
(1214, 1282)
(77, 1290)
(404, 648)
(404, 1296)
(1052, 1296)
(263, 1300)
(296, 1306)
(551, 659)
(551, 1318)
(1210, 1318)
(291, 683)
(291, 1366)
(974, 1366)
(955, 1372)
(292, 1380)
(1184, 1426)
(667, 719)
(667, 1438)
(1386, 1438)
(822, 1450)
(812, 1452)
(1283, 1482)
(500, 743)
(500, 1486)
(1243, 1486)
(637, 744)
(637, 1488)
(1381, 1488)
(123, 1492)
(148, 1498)
(445, 755)
(445, 1510)
(1200, 1510)
(186, 1522)
(837, 1530)
(798, 1548)
(575, 779)
(575, 1558)
(1354, 1558)
(1004, 1570)
(651, 791)
(651, 1582)
(1442, 1582)
(84, 532)
(84, 1064)
(616, 1064)
(84, 1596)
(616, 1596)
(1148, 1596)
(589, 803)
(589, 1606)
(1392, 1606)
(754, 1618)
(1548, 1620)
(653, 1636)
(1214, 1666)
(900, 1668)
(1070, 1692)
(187, 1732)
(158, 1740)
(179, 1746)
(1268, 1786)
(90, 911)
(90, 1822)
(1001, 1822)
(394, 923)
(394, 1846)
(1317, 1846)
(546, 1860)
(387, 1866)
(55, 935)
(55, 1870)
(990, 1870)
(139, 936)
(139, 1872)
(1075, 1872)
(791, 1876)
(979, 1900)
(396, 1906)
(1104, 1930)
(142, 644)
(142, 1288)
(786, 1288)
(142, 1932)
(786, 1932)
(1430, 1932)
(691, 1948)
(881, 1972)
(1176, 1978)
(1075, 1986)
(382, 996)
(382, 1992)
(1378, 1992)
(447, 1996)
(282, 2026)
(1980, 2028)
(515, 1019)
(515, 2038)
(1534, 2038)
(154, 2052)
(325, 1031)
(325, 2062)
(1356, 2062)
(853, 2068)
(2047, 2082)
(45, 1043)
(45, 2086)
(1088, 2086)
(368, 2098)
(230, 1055)
(230, 2110)
(1285, 2110)
(1635, 2130)
(1054, 1068)
(1054, 2136)
(2122, 2136)
(1833, 2140)
(455, 1080)
(455, 2160)
(1535, 2160)
(519, 726)
(519, 1452)
(1245, 1452)
(519, 2178)
(1245, 2178)
(1971, 2178)
(53, 734)
(53, 1468)
(787, 1468)
(53, 2202)
(787, 2202)
(1521, 2202)
(55, 1103)
(55, 2206)
(1158, 2206)
(527, 2212)
(528, 2220)
(1151, 2236)
(146, 2242)
(483, 750)
(483, 1500)
(1233, 1500)
(483, 2250)
(1233, 2250)
(1983, 2250)
(276, 2266)
(1674, 2268)
(298, 2292)
(1489, 2308)
(2137, 2332)
(762, 2338)
(404, 780)
(404, 1560)
(1184, 1560)
(404, 2340)
(1184, 2340)
(1964, 2340)
(1509, 2356)
(737, 2370)
(349, 1188)
(349, 2376)
(1537, 2376)
(2346, 2388)
(177, 1199)
(177, 2398)
(1376, 2398)
(638, 1211)
(638, 2422)
(1849, 2422)
(1114, 2436)
(252, 1223)
(252, 2446)
(1475, 2446)
(1902, 2458)
(547, 2466)
(17, 618)
(17, 1236)
(635, 1236)
(17, 1854)
(635, 1854)
(1253, 1854)
(17, 2472)
(635, 2472)
(1253, 2472)
(1871, 2472)
(2137, 2476)
(550, 1260)
(550, 2520)
(1810, 2520)
(262, 2530)
(1469, 2538)
(1161, 1271)
(1161, 2542)
(2432, 2542)
(1413, 2548)
(2380, 2556)
(1374, 2578)
(970, 1295)
(970, 2590)
(2265, 2590)
(147, 1308)
(147, 2616)
(1455, 2616)
(55, 2620)
(1213, 2658)
(59, 1331)
(59, 2662)
(1390, 2662)
(344, 2676)
(2257, 2682)
(1695, 2692)
(194, 2698)
(179, 2706)
(406, 1355)
(406, 2710)
(1761, 2710)
(21, 1356)
(21, 2712)
(1377, 2712)
(763, 2740)
(473, 2788)
(1852, 2796)
(1701, 2802)
(576, 2818)
(1715, 2836)
(224, 2842)
(525, 2850)
(2569, 2860)
(1142, 1439)
(1142, 2878)
(2581, 2878)
(792, 1451)
(792, 2902)
(2243, 2902)
(1287, 2908)
(763, 1463)
(763, 2926)
(2226, 2926)
(1162, 2938)
(2417, 2956)
(1386, 2962)
(1233, 1499)
(1233, 2998)
(2732, 2998)
(1353, 1500)
(1353, 3000)
(2853, 3000)
(2132, 3010)
(1923, 3018)
(645, 1511)
(645, 3022)
(2156, 3022)
(1126, 3036)
(1419, 3066)
(2078, 3082)
(1128, 1559)
(1128, 3118)
(2687, 3118)
(978, 1583)
(978, 3166)
(2561, 3166)
(254, 1584)
(254, 3168)
(1838, 3168)
(908, 1060)
(908, 2120)
(1968, 2120)
(908, 3180)
(1968, 3180)
(3028, 3180)
(3105, 3186)
(1704, 3202)
(615, 644)
(615, 1288)
(1259, 1288)
(615, 1932)
(1259, 1932)
(1903, 1932)
(615, 2576)
(1259, 2576)
(1903, 2576)
(2547, 2576)
(615, 3220)
(1259, 3220)
(1903, 3220)
(2547, 3220)
(3191, 3220)
(864, 3252)
(368, 3298)
(1129, 3306)
(2438, 3322)
(1612, 3346)
(526, 1679)
(526, 3358)
(2205, 3358)
(1886, 3370)
(508, 1124)
(508, 2248)
(1632, 2248)
(508, 3372)
(1632, 3372)
(2756, 3372)
(151, 1703)
(151, 3406)
(1854, 3406)
(823, 3412)
(527, 1716)
(527, 3432)
(2243, 3432)
(641, 3460)
(352, 3466)
(1492, 3468)
(2258, 3490)
(999, 3498)
(1458, 3516)
(393, 1763)
(393, 3526)
(2156, 3526)
(813, 882)
(813, 1764)
(1695, 1764)
(813, 2646)
(1695, 2646)
(2577, 2646)
(813, 3528)
(1695, 3528)
(2577, 3528)
(3459, 3528)
(1225, 3532)
(532, 3538)
(2171, 3546)
(2853, 3556)
(953, 3570)
(1961, 3580)
(746, 3612)
(1104, 1811)
(1104, 3622)
(2915, 3622)
(788, 3636)
(3379, 3642)
(886, 3658)
(881, 1835)
(881, 3670)
(2716, 3670)
(838, 918)
(838, 1836)
(1756, 1836)
(838, 2754)
(1756, 2754)
(2674, 2754)
(838, 3672)
(1756, 3672)
(2674, 3672)
(3592, 3672)
(1597, 3676)
(2695, 3690)
(544, 1848)
(544, 3696)
(2392, 3696)
(1597, 3700)
(2590, 3708)
(1682, 1859)
(1682, 3718)
(3541, 3718)
(1536, 3732)
(680, 1883)
(680, 3766)
(2563, 3766)
(514, 1884)
(514, 3768)
(2398, 3768)
(1088, 3778)
(1693, 1896)
(1693, 3792)
(3589, 3792)
(1761, 3796)
(3402, 3802)
(2100, 3850)
(3084, 3852)
(1758, 1931)
(1758, 3862)
(3689, 3862)
(1790, 3876)
(64, 648)
(64, 1296)
(712, 1296)
(64, 1944)
(712, 1944)
(1360, 1944)
(64, 2592)
(712, 2592)
(1360, 2592)
(2008, 2592)
(64, 3240)
(712, 3240)
(1360, 3240)
(2008, 3240)
(2656, 3240)
(64, 3888)
(712, 3888)
(1360, 3888)
(2008, 3888)
(2656, 3888)
(3304, 3888)
(663, 3906)
(218, 1955)
(218, 3910)
(2173, 3910)
(577, 3916)
(3656, 3922)
(539, 3930)
(1746, 3946)
(3673, 3988)
(2417, 4002)
(1767, 2003)
(1767, 4006)
(3770, 4006)
(1745, 4012)
(3034, 4018)
(2984, 4020)
(304, 2039)
(304, 4078)
(2343, 4078)
(3042, 4090)
(12, 4092)
(2061, 4098)
(585, 2063)
(585, 4126)
(2648, 4126)
(979, 4132)
(730, 4138)
(1087, 4156)
(3179, 4218)
(3529, 4228)
(277, 4242)
(107, 4252)
(3472, 4258)
(482, 4260)
(320, 4282)
(185, 537)
(185, 1074)
(722, 1074)
(185, 1611)
(722, 1611)
(1259, 1611)
(185, 2148)
(722, 2148)
(1259, 2148)
(1796, 2148)
(185, 2685)
(722, 2685)
(1259, 2685)
(1796, 2685)
(2333, 2685)
(185, 3222)
(722, 3222)
(1259, 3222)
(1796, 3222)
(2333, 3222)
(2870, 3222)
(185, 3759)
(722, 3759)
(1259, 3759)
(1796, 3759)
(2333, 3759)
(2870, 3759)
(3407, 3759)
(185, 4296)
(722, 4296)
(1259, 4296)
(1796, 4296)
(2333, 4296)
(2870, 4296)
(3407, 4296)
(3944, 4296)
(147, 1446)
(147, 2892)
(1593, 2892)
(147, 4338)
(1593, 4338)
(3039, 4338)
(1049, 4348)
(1562, 4356)
(3095, 4362)
(1249, 4372)
(1806, 2195)
(1806, 4390)
(4001, 4390)
(1047, 4396)
(854, 2220)
(854, 4440)
(3074, 4440)
(3608, 4450)
(42, 2231)
(42, 4462)
(2273, 4462)
(615, 4482)
(4093, 4492)
(1979, 4506)
(1351, 4516)
(2324, 4546)
(1064, 2280)
(1064, 4560)
(3344, 4560)
(1167, 2291)
(1167, 4582)
(3458, 4582)
(3257, 4602)
(1618, 4620)
(1013, 4636)
(1458, 2339)
(1458, 4678)
(3797, 4678)
(948, 4690)
(196, 2351)
(196, 4702)
(2547, 4702)
(4255, 4722)
(117, 788)
(117, 1576)
(905, 1576)
(117, 2364)
(905, 2364)
(1693, 2364)
(117, 3152)
(905, 3152)
(1693, 3152)
(2481, 3152)
(117, 3940)
(905, 3940)
(1693, 3940)
(2481, 3940)
(3269, 3940)
(117, 4728)
(905, 4728)
(1693, 4728)
(2481, 4728)
(3269, 4728)
(4057, 4728)
(2840, 4786)
(4510, 4788)
(285, 2399)
(285, 4798)
(2684, 4798)
(965, 1200)
(965, 2400)
(2165, 2400)
(965, 3600)
(2165, 3600)
(3365, 3600)
(965, 4800)
(2165, 4800)
(3365, 4800)
(4565, 4800)
(2734, 4812)
(3745, 4876)
(1489, 2459)
(1489, 4918)
(3948, 4918)
(1800, 4932)
(351, 2471)
(351, 4942)
(2822, 4942)
(948, 4956)
(49, 2483)
(49, 4966)
(2532, 4966)
(1848, 2484)
(1848, 4968)
(4332, 4968)
(73, 4972)
(3875, 4986)
(1536, 5002)
(3267, 5010)
(356, 2519)
(356, 5038)
(2875, 5038)
(3396, 5050)
(3189, 5058)
(4362, 5076)
(827, 2543)
(827, 5086)
(3370, 5086)
(4086, 5098)
(4403, 5106)
(34, 426)
(34, 852)
(460, 852)
(34, 1278)
(460, 1278)
(886, 1278)
(34, 1704)
(460, 1704)
(886, 1704)
(1312, 1704)
(34, 2130)
(460, 2130)
(886, 2130)
(1312, 2130)
(1738, 2130)
(34, 2556)
(460, 2556)
(886, 2556)
(1312, 2556)
(1738, 2556)
(2164, 2556)
(34, 2982)
(460, 2982)
(886, 2982)
(1312, 2982)
(1738, 2982)
(2164, 2982)
(2590, 2982)
(34, 3408)
(460, 3408)
(886, 3408)
(1312, 3408)
(1738, 3408)
(2164, 3408)
(2590, 3408)
(3016, 3408)
(34, 3834)
(460, 3834)
(886, 3834)
(1312, 3834)
(1738, 3834)
(2164, 3834)
(2590, 3834)
(3016, 3834)
(3442, 3834)
(34, 4260)
(460, 4260)
(886, 4260)
(1312, 4260)
(1738, 4260)
(2164, 4260)
(2590, 4260)
(3016, 4260)
(3442, 4260)
(3868, 4260)
(34, 4686)
(460, 4686)
(886, 4686)
(1312, 4686)
(1738, 4686)
(2164, 4686)
(2590, 4686)
(3016, 4686)
(3442, 4686)
(3868, 4686)
(4294, 4686)
(34, 5112)
(460, 5112)
(886, 5112)
(1312, 5112)
(1738, 5112)
(2164, 5112)
(2590, 5112)
(3016, 5112)
(3442, 5112)
(3868, 5112)
(4294, 5112)
(4720, 5112)
(66, 5146)
(3058, 5170)
(1527, 5178)
(81, 5188)
(26, 1732)
(26, 3464)
(1758, 3464)
(26, 5196)
(1758, 5196)
(3490, 5196)
(2523, 5226)
(1551, 2615)
(1551, 5230)
(4166, 5230)
(627, 1308)
(627, 2616)
(1935, 2616)
(627, 3924)
(1935, 3924)
(3243, 3924)
(627, 5232)
(1935, 5232)
(3243, 5232)
(4551, 5232)
(4049, 5260)
(2446, 2640)
(2446, 5280)
(5086, 5280)
(1665, 2651)
(1665, 5302)
(4316, 5302)
(3845, 5308)
(983, 1774)
(983, 3548)
(2757, 3548)
(983, 5322)
(2757, 5322)
(4531, 5322)
(3783, 5332)
(130, 2675)
(130, 5350)
(2805, 5350)
(690, 5386)
(915, 2699)
(915, 5398)
(3614, 5398)
(571, 5442)
(4867, 5476)
(3392, 5482)
(5125, 5500)
(1264, 5506)
(2145, 2759)
(2145, 5518)
(4904, 5518)
(2646, 2760)
(2646, 5520)
(5406, 5520)
(454, 790)
(454, 1580)
(1244, 1580)
(454, 2370)
(1244, 2370)
(2034, 2370)
(454, 3160)
(1244, 3160)
(2034, 3160)
(2824, 3160)
(454, 3950)
(1244, 3950)
(2034, 3950)
(2824, 3950)
(3614, 3950)
(454, 4740)
(1244, 4740)
(2034, 4740)
(2824, 4740)
(3614, 4740)
(4404, 4740)
(454, 5530)
(1244, 5530)
(2034, 5530)
(2824, 5530)
(3614, 5530)
(4404, 5530)
(5194, 5530)
(880, 5556)
(3833, 5562)
(513, 5572)
(2760, 2795)
(2760, 5590)
(5555, 5590)
(1176, 2819)
(1176, 5638)
(3995, 5638)
(1156, 5650)
(99, 5658)
(3647, 5682)
(3115, 5692)
(3556, 5700)
(3587, 5716)
(53, 5740)
(5660, 5748)
(5287, 5778)
(2175, 2891)
(2175, 5782)
(5066, 5782)
(673, 2903)
(673, 5806)
(3576, 5806)
(663, 5812)
(4013, 5826)
(828, 5842)
(321, 5850)
(1937, 2928)
(1937, 5856)
(4865, 5856)
(1220, 5868)
(1378, 2939)
(1378, 5878)
(4317, 5878)
(825, 2951)
(825, 5902)
(3776, 5902)
(2381, 5922)
(44, 2963)
(44, 5926)
(3007, 5926)
(1540, 5938)
(2696, 5986)
(4470, 6010)
(5667, 6028)
(2244, 3023)
(2244, 6046)
(5267, 6046)
(5433, 6052)
(4653, 6066)
(1616, 3036)
(1616, 6072)
(4652, 6072)
(175, 2030)
(175, 4060)
(2205, 4060)
(175, 6090)
(2205, 6090)
(4235, 6090)
(5255, 6100)
(2932, 6130)
(3060, 3071)
(3060, 6142)
(6131, 6142)
(2651, 6172)
(5353, 6196)
(1630, 6202)
(4239, 6210)
(3562, 6228)
(887, 3131)
(887, 6262)
(4018, 6262)
(2111, 6268)
(2230, 6276)
(1766, 3143)
(1766, 6286)
(4909, 6286)
(68, 6298)
(1340, 2100)
(1340, 4200)
(3440, 4200)
(1340, 6300)
(3440, 6300)
(5540, 6300)
(1065, 3155)
(1065, 6310)
(4220, 6310)
(4497, 6316)
(714, 6322)
(204, 3179)
(204, 6358)
(3383, 6358)
(1258, 6372)
(5633, 6378)
(3723, 6388)
(6074, 6396)
(620, 6468)
(526, 6490)
(4567, 6546)
(474, 3275)
(474, 6550)
(3749, 6550)
(15, 117)
(15, 234)
(132, 234)
(15, 351)
(132, 351)
(249, 351)
(15, 468)
(132, 468)
(249, 468)
(366, 468)
(15, 585)
(132, 585)
(249, 585)
(366, 585)
(483, 585)
(15, 702)
(132, 702)
(249, 702)
(366, 702)
(483, 702)
(600, 702)
(15, 819)
(132, 819)
(249, 819)
(366, 819)
(483, 819)
(600, 819)
(717, 819)
(15, 936)
(132, 936)
(249, 936)
(366, 936)
(483, 936)
(600, 936)
(717, 936)
(834, 936)
(15, 1053)
(132, 1053)
(249, 1053)
(366, 1053)
(483, 1053)
(600, 1053)
(717, 1053)
(834, 1053)
(951, 1053)
(15, 1170)
(132, 1170)
(249, 1170)
(366, 1170)
(483, 1170)
(600, 1170)
(717, 1170)
(834, 1170)
(951, 1170)
(1068, 1170)
(15, 1287)
(132, 1287)
(249, 1287)
(366, 1287)
(483, 1287)
(600, 1287)
(717, 1287)
(834, 1287)
(951, 1287)
(1068, 1287)
(1185, 1287)
(15, 1404)
(132, 1404)
(249, 1404)
(366, 1404)
(483, 1404)
(600, 1404)
(717, 1404)
(834, 1404)
(951, 1404)
(1068, 1404)
(1185, 1404)
(1302, 1404)
(15, 1521)
(132, 1521)
(249, 1521)
(366, 1521)
(483, 1521)
(600, 1521)
(717, 1521)
(834, 1521)
(951, 1521)
(1068, 1521)
(1185, 1521)
(1302, 1521)
(1419, 1521)
(15, 1638)
(132, 1638)
(249, 1638)
(366, 1638)
(483, 1638)
(600, 1638)
(717, 1638)
(834, 1638)
(951, 1638)
(1068, 1638)
(1185, 1638)
(1302, 1638)
(1419, 1638)
(1536, 1638)
(15, 1755)
(132, 1755)
(249, 1755)
(366, 1755)
(483, 1755)
(600, 1755)
(717, 1755)
(834, 1755)
(951, 1755)
(1068, 1755)
(1185, 1755)
(1302, 1755)
(1419, 1755)
(1536, 1755)
(1653, 1755)
(15, 1872)
(132, 1872)
(249, 1872)
(366, 1872)
(483, 1872)
(600, 1872)
(717, 1872)
(834, 1872)
(951, 1872)
(1068, 1872)
(1185, 1872)
(1302, 1872)
(1419, 1872)
(1536, 1872)
(1653, 1872)
(1770, 1872)
(15, 1989)
(132, 1989)
(249, 1989)
(366, 1989)
(483, 1989)
(600, 1989)
(717, 1989)
(834, 1989)
(951, 1989)
(1068, 1989)
(1185, 1989)
(1302, 1989)
(1419, 1989)
(1536, 1989)
(1653, 1989)
(1770, 1989)
(1887, 1989)
(15, 2106)
(132, 2106)
(249, 2106)
(366, 2106)
(483, 2106)
(600, 2106)
(717, 2106)
(834, 2106)
(951, 2106)
(1068, 2106)
(1185, 2106)
(1302, 2106)
(1419, 2106)
(1536, 2106)
(1653, 2106)
(1770, 2106)
(1887, 2106)
(2004, 2106)
(15, 2223)
(132, 2223)
(249, 2223)
(366, 2223)
(483, 2223)
(600, 2223)
(717, 2223)
(834, 2223)
(951, 2223)
(1068, 2223)
(1185, 2223)
(1302, 2223)
(1419, 2223)
(1536, 2223)
(1653, 2223)
(1770, 2223)
(1887, 2223)
(2004, 2223)
(2121, 2223)
(15, 2340)
(132, 2340)
(249, 2340)
(366, 2340)
(483, 2340)
(600, 2340)
(717, 2340)
(834, 2340)
(951, 2340)
(1068, 2340)
(1185, 2340)
(1302, 2340)
(1419, 2340)
(1536, 2340)
(1653, 2340)
(1770, 2340)
(1887, 2340)
(2004, 2340)
(2121, 2340)
(2238, 2340)
(15, 2457)
(132, 2457)
(249, 2457)
(366, 2457)
(483, 2457)
(600, 2457)
(717, 2457)
(834, 2457)
(951, 2457)
(1068, 2457)
(1185, 2457)
(1302, 2457)
(1419, 2457)
(1536, 2457)
(1653, 2457)
(1770, 2457)
(1887, 2457)
(2004, 2457)
(2121, 2457)
(2238, 2457)
(2355, 2457)
(15, 2574)
(132, 2574)
(249, 2574)
(366, 2574)
(483, 2574)
(600, 2574)
(717, 2574)
(834, 2574)
(951, 2574)
(1068, 2574)
(1185, 2574)
(1302, 2574)
(1419, 2574)
(1536, 2574)
(1653, 2574)
(1770, 2574)
(1887, 2574)
(2004, 2574)
(2121, 2574)
(2238, 2574)
(2355, 2574)
(2472, 2574)
(15, 2691)
(132, 2691)
(249, 2691)
(366, 2691)
(483, 2691)
(600, 2691)
(717, 2691)
(834, 2691)
(951, 2691)
(1068, 2691)
(1185, 2691)
(1302, 2691)
(1419, 2691)
(1536, 2691)
(1653, 2691)
(1770, 2691)
(1887, 2691)
(2004, 2691)
(2121, 2691)
(2238, 2691)
(2355, 2691)
(2472, 2691)
(2589, 2691)
(15, 2808)
(132, 2808)
(249, 2808)
(366, 2808)
(483, 2808)
(600, 2808)
(717, 2808)
(834, 2808)
(951, 2808)
(1068, 2808)
(1185, 2808)
(1302, 2808)
(1419, 2808)
(1536, 2808)
(1653, 2808)
(1770, 2808)
(1887, 2808)
(2004, 2808)
(2121, 2808)
(2238, 2808)
(2355, 2808)
(2472, 2808)
(2589, 2808)
(2706, 2808)
(15, 2925)
(132, 2925)
(249, 2925)
(366, 2925)
(483, 2925)
(600, 2925)
(717, 2925)
(834, 2925)
(951, 2925)
(1068, 2925)
(1185, 2925)
(1302, 2925)
(1419, 2925)
(1536, 2925)
(1653, 2925)
(1770, 2925)
(1887, 2925)
(2004, 2925)
(2121, 2925)
(2238, 2925)
(2355, 2925)
(2472, 2925)
(2589, 2925)
(2706, 2925)
(2823, 2925)
(15, 3042)
(132, 3042)
(249, 3042)
(366, 3042)
(483, 3042)
(600, 3042)
(717, 3042)
(834, 3042)
(951, 3042)
(1068, 3042)
(1185, 3042)
(1302, 3042)
(1419, 3042)
(1536, 3042)
(1653, 3042)
(1770, 3042)
(1887, 3042)
(2004, 3042)
(2121, 3042)
(2238, 3042)
(2355, 3042)
(2472, 3042)
(2589, 3042)
(2706, 3042)
(2823, 3042)
(2940, 3042)
(15, 3159)
(132, 3159)
(249, 3159)
(366, 3159)
(483, 3159)
(600, 3159)
(717, 3159)
(834, 3159)
(951, 3159)
(1068, 3159)
(1185, 3159)
(1302, 3159)
(1419, 3159)
(1536, 3159)
(1653, 3159)
(1770, 3159)
(1887, 3159)
(2004, 3159)
(2121, 3159)
(2238, 3159)
(2355, 3159)
(2472, 3159)
(2589, 3159)
(2706, 3159)
(2823, 3159)
(2940, 3159)
(3057, 3159)
(15, 3276)
(132, 3276)
(249, 3276)
(366, 3276)
(483, 3276)
(600, 3276)
(717, 3276)
(834, 3276)
(951, 3276)
(1068, 3276)
(1185, 3276)
(1302, 3276)
(1419, 3276)
(1536, 3276)
(1653, 3276)
(1770, 3276)
(1887, 3276)
(2004, 3276)
(2121, 3276)
(2238, 3276)
(2355, 3276)
(2472, 3276)
(2589, 3276)
(2706, 3276)
(2823, 3276)
(2940, 3276)
(3057, 3276)
(3174, 3276)
(15, 3393)
(132, 3393)
(249, 3393)
(366, 3393)
(483, 3393)
(600, 3393)
(717, 3393)
(834, 3393)
(951, 3393)
(1068, 3393)
(1185, 3393)
(1302, 3393)
(1419, 3393)
(1536, 3393)
(1653, 3393)
(1770, 3393)
(1887, 3393)
(2004, 3393)
(2121, 3393)
(2238, 3393)
(2355, 3393)
(2472, 3393)
(2589, 3393)
(2706, 3393)
(2823, 3393)
(2940, 3393)
(3057, 3393)
(3174, 3393)
(3291, 3393)
(15, 3510)
(132, 3510)
(249, 3510)
(366, 3510)
(483, 3510)
(600, 3510)
(717, 3510)
(834, 3510)
(951, 3510)
(1068, 3510)
(1185, 3510)
(1302, 3510)
(1419, 3510)
(1536, 3510)
(1653, 3510)
(1770, 3510)
(1887, 3510)
(2004, 3510)
(2121, 3510)
(2238, 3510)
(2355, 3510)
(2472, 3510)
(2589, 3510)
(2706, 3510)
(2823, 3510)
(2940, 3510)
(3057, 3510)
(3174, 3510)
(3291, 3510)
(3408, 3510)
(15, 3627)
(132, 3627)
(249, 3627)
(366, 3627)
(483, 3627)
(600, 3627)
(717, 3627)
(834, 3627)
(951, 3627)
(1068, 3627)
(1185, 3627)
(1302, 3627)
(1419, 3627)
(1536, 3627)
(1653, 3627)
(1770, 3627)
(1887, 3627)
(2004, 3627)
(2121, 3627)
(2238, 3627)
(2355, 3627)
(2472, 3627)
(2589, 3627)
(2706, 3627)
(2823, 3627)
(2940, 3627)
(3057, 3627)
(3174, 3627)
(3291, 3627)
(3408, 3627)
(3525, 3627)
(15, 3744)
(132, 3744)
(249, 3744)
(366, 3744)
(483, 3744)
(600, 3744)
(717, 3744)
(834, 3744)
(951, 3744)
(1068, 3744)
(1185, 3744)
(1302, 3744)
(1419, 3744)
(1536, 3744)
(1653, 3744)
(1770, 3744)
(1887, 3744)
(2004, 3744)
(2121, 3744)
(2238, 3744)
(2355, 3744)
(2472, 3744)
(2589, 3744)
(2706, 3744)
(2823, 3744)
(2940, 3744)
(3057, 3744)
(3174, 3744)
(3291, 3744)
(3408, 3744)
(3525, 3744)
(3642, 3744)
(15, 3861)
(132, 3861)
(249, 3861)
(366, 3861)
(483, 3861)
(600, 3861)
(717, 3861)
(834, 3861)
(951, 3861)
(1068, 3861)
(1185, 3861)
(1302, 3861)
(1419, 3861)
(1536, 3861)
(1653, 3861)
(1770, 3861)
(1887, 3861)
(2004, 3861)
(2121, 3861)
(2238, 3861)
(2355, 3861)
(2472, 3861)
(2589, 3861)
(2706, 3861)
(2823, 3861)
(2940, 3861)
(3057, 3861)
(3174, 3861)
(3291, 3861)
(3408, 3861)
(3525, 3861)
(3642, 3861)
(3759, 3861)
(15, 3978)
(132, 3978)
(249, 3978)
(366, 3978)
(483, 3978)
(600, 3978)
(717, 3978)
(834, 3978)
(951, 3978)
(1068, 3978)
(1185, 3978)
(1302, 3978)
(1419, 3978)
(1536, 3978)
(1653, 3978)
(1770, 3978)
(1887, 3978)
(2004, 3978)
(2121, 3978)
(2238, 3978)
(2355, 3978)
(2472, 3978)
(2589, 3978)
(2706, 3978)
(2823, 3978)
(2940, 3978)
(3057, 3978)
(3174, 3978)
(3291, 3978)
(3408, 3978)
(3525, 3978)
(3642, 3978)
(3759, 3978)
(3876, 3978)
(15, 4095)
(132, 4095)
(249, 4095)
(366, 4095)
(483, 4095)
(600, 4095)
(717, 4095)
(834, 4095)
(951, 4095)
(1068, 4095)
(1185, 4095)
(1302, 4095)
(1419, 4095)
(1536, 4095)
(1653, 4095)
(1770, 4095)
(1887, 4095)
(2004, 4095)
(2121, 4095)
(2238, 4095)
(2355, 4095)
(2472, 4095)
(2589, 4095)
(2706, 4095)
(2823, 4095)
(2940, 4095)
(3057, 4095)
(3174, 4095)
(3291, 4095)
(3408, 4095)
(3525, 4095)
(3642, 4095)
(3759, 4095)
(3876, 4095)
(3993, 4095)
(15, 4212)
(132, 4212)
(249, 4212)
(366, 4212)
(483, 4212)
(600, 4212)
(717, 4212)
(834, 4212)
(951, 4212)
(1068, 4212)
(1185, 4212)
(1302, 4212)
(1419, 4212)
(1536, 4212)
(1653, 4212)
(1770, 4212)
(1887, 4212)
(2004, 4212)
(2121, 4212)
(2238, 4212)
(2355, 4212)
(2472, 4212)
(2589, 4212)
(2706, 4212)
(2823, 4212)
(2940, 4212)
(3057, 4212)
(3174, 4212)
(3291, 4212)
(3408, 4212)
(3525, 4212)
(3642, 4212)
(3759, 4212)
(3876, 4212)
(3993, 4212)
(4110, 4212)
(15, 4329)
(132, 4329)
(249, 4329)
(366, 4329)
(483, 4329)
(600, 4329)
(717, 4329)
(834, 4329)
(951, 4329)
(1068, 4329)
(1185, 4329)
(1302, 4329)
(1419, 4329)
(1536, 4329)
(1653, 4329)
(1770, 4329)
(1887, 4329)
(2004, 4329)
(2121, 4329)
(2238, 4329)
(2355, 4329)
(2472, 4329)
(2589, 4329)
(2706, 4329)
(2823, 4329)
(2940, 4329)
(3057, 4329)
(3174, 4329)
(3291, 4329)
(3408, 4329)
(3525, 4329)
(3642, 4329)
(3759, 4329)
(3876, 4329)
(3993, 4329)
(4110, 4329)
(4227, 4329)
(15, 4446)
(132, 4446)
(249, 4446)
(366, 4446)
(483, 4446)
(600, 4446)
(717, 4446)
(834, 4446)
(951, 4446)
(1068, 4446)
(1185, 4446)
(1302, 4446)
(1419, 4446)
(1536, 4446)
(1653, 4446)
(1770, 4446)
(1887, 4446)
(2004, 4446)
(2121, 4446)
(2238, 4446)
(2355, 4446)
(2472, 4446)
(2589, 4446)
(2706, 4446)
(2823, 4446)
(2940, 4446)
(3057, 4446)
(3174, 4446)
(3291, 4446)
(3408, 4446)
(3525, 4446)
(3642, 4446)
(3759, 4446)
(3876, 4446)
(3993, 4446)
(4110, 4446)
(4227, 4446)
(4344, 4446)
(15, 4563)
(132, 4563)
(249, 4563)
(366, 4563)
(483, 4563)
(600, 4563)
(717, 4563)
(834, 4563)
(951, 4563)
(1068, 4563)
(1185, 4563)
(1302, 4563)
(1419, 4563)
(1536, 4563)
(1653, 4563)
(1770, 4563)
(1887, 4563)
(2004, 4563)
(2121, 4563)
(2238, 4563)
(2355, 4563)
(2472, 4563)
(2589, 4563)
(2706, 4563)
(2823, 4563)
(2940, 4563)
(3057, 4563)
(3174, 4563)
(3291, 4563)
(3408, 4563)
(3525, 4563)
(3642, 4563)
(3759, 4563)
(3876, 4563)
(3993, 4563)
(4110, 4563)
(4227, 4563)
(4344, 4563)
(4461, 4563)
(15, 4680)
(132, 4680)
(249, 4680)
(366, 4680)
(483, 4680)
(600, 4680)
(717, 4680)
(834, 4680)
(951, 4680)
(1068, 4680)
(1185, 4680)
(1302, 4680)
(1419, 4680)
(1536, 4680)
(1653, 4680)
(1770, 4680)
(1887, 4680)
(2004, 4680)
(2121, 4680)
(2238, 4680)
(2355, 4680)
(2472, 4680)
(2589, 4680)
(2706, 4680)
(2823, 4680)
(2940, 4680)
(3057, 4680)
(3174, 4680)
(3291, 4680)
(3408, 4680)
(3525, 4680)
(3642, 4680)
(3759, 4680)
(3876, 4680)
(3993, 4680)
(4110, 4680)
(4227, 4680)
(4344, 4680)
(4461, 4680)
(4578, 4680)
(15, 4797)
(132, 4797)
(249, 4797)
(366, 4797)
(483, 4797)
(600, 4797)
(717, 4797)
(834, 4797)
(951, 4797)
(1068, 4797)
(1185, 4797)
(1302, 4797)
(1419, 4797)
(1536, 4797)
(1653, 4797)
(1770, 4797)
(1887, 4797)
(2004, 4797)
(2121, 4797)
(2238, 4797)
(2355, 4797)
(2472, 4797)
(2589, 4797)
(2706, 4797)
(2823, 4797)
(2940, 4797)
(3057, 4797)
(3174, 4797)
(3291, 4797)
(3408, 4797)
(3525, 4797)
(3642, 4797)
(3759, 4797)
(3876, 4797)
(3993, 4797)
(4110, 4797)
(4227, 4797)
(4344, 4797)
(4461, 4797)
(4578, 4797)
(4695, 4797)
(15, 4914)
(132, 4914)
(249, 4914)
(366, 4914)
(483, 4914)
(600, 4914)
(717, 4914)
(834, 4914)
(951, 4914)
(1068, 4914)
(1185, 4914)
(1302, 4914)
(1419, 4914)
(1536, 4914)
(1653, 4914)
(1770, 4914)
(1887, 4914)
(2004, 4914)
(2121, 4914)
(2238, 4914)
(2355, 4914)
(2472, 4914)
(2589, 4914)
(2706, 4914)
(2823, 4914)
(2940, 4914)
(3057, 4914)
(3174, 4914)
(3291, 4914)
(3408, 4914)
(3525, 4914)
(3642, 4914)
(3759, 4914)
(3876, 4914)
(3993, 4914)
(4110, 4914)
(4227, 4914)
(4344, 4914)
(4461, 4914)
(4578, 4914)
(4695, 4914)
(4812, 4914)
(15, 5031)
(132, 5031)
(249, 5031)
(366, 5031)
(483, 5031)
(600, 5031)
(717, 5031)
(834, 5031)
(951, 5031)
(1068, 5031)
(1185, 5031)
(1302, 5031)
(1419, 5031)
(1536, 5031)
(1653, 5031)
(1770, 5031)
(1887, 5031)
(2004, 5031)
(2121, 5031)
(2238, 5031)
(2355, 5031)
(2472, 5031)
(2589, 5031)
(2706, 5031)
(2823, 5031)
(2940, 5031)
(3057, 5031)
(3174, 5031)
(3291, 5031)
(3408, 5031)
(3525, 5031)
(3642, 5031)
(3759, 5031)
(3876, 5031)
(3993, 5031)
(4110, 5031)
(4227, 5031)
(4344, 5031)
(4461, 5031)
(4578, 5031)
(4695, 5031)
(4812, 5031)
(4929, 5031)
(15, 5148)
(132, 5148)
(249, 5148)
(366, 5148)
(483, 5148)
(600, 5148)
(717, 5148)
(834, 5148)
(951, 5148)
(1068, 5148)
(1185, 5148)
(1302, 5148)
(1419, 5148)
(1536, 5148)
(1653, 5148)
(1770, 5148)
(1887, 5148)
(2004, 5148)
(2121, 5148)
(2238, 5148)
(2355, 5148)
(2472, 5148)
(2589, 5148)
(2706, 5148)
(2823, 5148)
(2940, 5148)
(3057, 5148)
(3174, 5148)
(3291, 5148)
(3408, 5148)
(3525, 5148)
(3642, 5148)
(3759, 5148)
(3876, 5148)
(3993, 5148)
(4110, 5148)
(4227, 5148)
(4344, 5148)
(4461, 5148)
(4578, 5148)
(4695, 5148)
(4812, 5148)
(4929, 5148)
(5046, 5148)
(15, 5265)
(132, 5265)
(249, 5265)
(366, 5265)
(483, 5265)
(600, 5265)
(717, 5265)
(834, 5265)
(951, 5265)
(1068, 5265)
(1185, 5265)
(1302, 5265)
(1419, 5265)
(1536, 5265)
(1653, 5265)
(1770, 5265)
(1887, 5265)
(2004, 5265)
(2121, 5265)
(2238, 5265)
(2355, 5265)
(2472, 5265)
(2589, 5265)
(2706, 5265)
(2823, 5265)
(2940, 5265)
(3057, 5265)
(3174, 5265)
(3291, 5265)
(3408, 5265)
(3525, 5265)
(3642, 5265)
(3759, 5265)
(3876, 5265)
(3993, 5265)
(4110, 5265)
(4227, 5265)
(4344, 5265)
(4461, 5265)
(4578, 5265)
(4695, 5265)
(4812, 5265)
(4929, 5265)
(5046, 5265)
(5163, 5265)
(15, 5382)
(132, 5382)
(249, 5382)
(366, 5382)
(483, 5382)
(600, 5382)
(717, 5382)
(834, 5382)
(951, 5382)
(1068, 5382)
(1185, 5382)
(1302, 5382)
(1419, 5382)
(1536, 5382)
(1653, 5382)
(1770, 5382)
(1887, 5382)
(2004, 5382)
(2121, 5382)
(2238, 5382)
(2355, 5382)
(2472, 5382)
(2589, 5382)
(2706, 5382)
(2823, 5382)
(2940, 5382)
(3057, 5382)
(3174, 5382)
(3291, 5382)
(3408, 5382)
(3525, 5382)
(3642, 5382)
(3759, 5382)
(3876, 5382)
(3993, 5382)
(4110, 5382)
(4227, 5382)
(4344, 5382)
(4461, 5382)
(4578, 5382)
(4695, 5382)
(4812, 5382)
(4929, 5382)
(5046, 5382)
(5163, 5382)
(5280, 5382)
(15, 5499)
(132, 5499)
(249, 5499)
(366, 5499)
(483, 5499)
(600, 5499)
(717, 5499)
(834, 5499)
(951, 5499)
(1068, 5499)
(1185, 5499)
(1302, 5499)
(1419, 5499)
(1536, 5499)
(1653, 5499)
(1770, 5499)
(1887, 5499)
(2004, 5499)
(2121, 5499)
(2238, 5499)
(2355, 5499)
(2472, 5499)
(2589, 5499)
(2706, 5499)
(2823, 5499)
(2940, 5499)
(3057, 5499)
(3174, 5499)
(3291, 5499)
(3408, 5499)
(3525, 5499)
(3642, 5499)
(3759, 5499)
(3876, 5499)
(3993, 5499)
(4110, 5499)
(4227, 5499)
(4344, 5499)
(4461, 5499)
(4578, 5499)
(4695, 5499)
(4812, 5499)
(4929, 5499)
(5046, 5499)
(5163, 5499)
(5280, 5499)
(5397, 5499)
(15, 5616)
(132, 5616)
(249, 5616)
(366, 5616)
(483, 5616)
(600, 5616)
(717, 5616)
(834, 5616)
(951, 5616)
(1068, 5616)
(1185, 5616)
(1302, 5616)
(1419, 5616)
(1536, 5616)
(1653, 5616)
(1770, 5616)
(1887, 5616)
(2004, 5616)
(2121, 5616)
(2238, 5616)
(2355, 5616)
(2472, 5616)
(2589, 5616)
(2706, 5616)
(2823, 5616)
(2940, 5616)
(3057, 5616)
(3174, 5616)
(3291, 5616)
(3408, 5616)
(3525, 5616)
(3642, 5616)
(3759, 5616)
(3876, 5616)
(3993, 5616)
(4110, 5616)
(4227, 5616)
(4344, 5616)
(4461, 5616)
(4578, 5616)
(4695, 5616)
(4812, 5616)
(4929, 5616)
(5046, 5616)
(5163, 5616)
(5280, 5616)
(5397, 5616)
(5514, 5616)
(15, 5733)
(132, 5733)
(249, 5733)
(366, 5733)
(483, 5733)
(600, 5733)
(717, 5733)
(834, 5733)
(951, 5733)
(1068, 5733)
(1185, 5733)
(1302, 5733)
(1419, 5733)
(1536, 5733)
(1653, 5733)
(1770, 5733)
(1887, 5733)
(2004, 5733)
(2121, 5733)
(2238, 5733)
(2355, 5733)
(2472, 5733)
(2589, 5733)
(2706, 5733)
(2823, 5733)
(2940, 5733)
(3057, 5733)
(3174, 5733)
(3291, 5733)
(3408, 5733)
(3525, 5733)
(3642, 5733)
(3759, 5733)
(3876, 5733)
(3993, 5733)
(4110, 5733)
(4227, 5733)
(4344, 5733)
(4461, 5733)
(4578, 5733)
(4695, 5733)
(4812, 5733)
(4929, 5733)
(5046, 5733)
(5163, 5733)
(5280, 5733)
(5397, 5733)
(5514, 5733)
(5631, 5733)
(15, 5850)
(132, 5850)
(249, 5850)
(366, 5850)
(483, 5850)
(600, 5850)
(717, 5850)
(834, 5850)
(951, 5850)
(1068, 5850)
(1185, 5850)
(1302, 5850)
(1419, 5850)
(1536, 5850)
(1653, 5850)
(1770, 5850)
(1887, 5850)
(2004, 5850)
(2121, 5850)
(2238, 5850)
(2355, 5850)
(2472, 5850)
(2589, 5850)
(2706, 5850)
(2823, 5850)
(2940, 5850)
(3057, 5850)
(3174, 5850)
(3291, 5850)
(3408, 5850)
(3525, 5850)
(3642, 5850)
(3759, 5850)
(3876, 5850)
(3993, 5850)
(4110, 5850)
(4227, 5850)
(4344, 5850)
(4461, 5850)
(4578, 5850)
(4695, 5850)
(4812, 5850)
(4929, 5850)
(5046, 5850)
(5163, 5850)
(5280, 5850)
(5397, 5850)
(5514, 5850)
(5631, 5850)
(5748, 5850)
(15, 5967)
(132, 5967)
(249, 5967)
(366, 5967)
(483, 5967)
(600, 5967)
(717, 5967)
(834, 5967)
(951, 5967)
(1068, 5967)
(1185, 5967)
(1302, 5967)
(1419, 5967)
(1536, 5967)
(1653, 5967)
(1770, 5967)
(1887, 5967)
(2004, 5967)
(2121, 5967)
(2238, 5967)
(2355, 5967)
(2472, 5967)
(2589, 5967)
(2706, 5967)
(2823, 5967)
(2940, 5967)
(3057, 5967)
(3174, 5967)
(3291, 5967)
(3408, 5967)
(3525, 5967)
(3642, 5967)
(3759, 5967)
(3876, 5967)
(3993, 5967)
(4110, 5967)
(4227, 5967)
(4344, 5967)
(4461, 5967)
(4578, 5967)
(4695, 5967)
(4812, 5967)
(4929, 5967)
(5046, 5967)
(5163, 5967)
(5280, 5967)
(5397, 5967)
(5514, 5967)
(5631, 5967)
(5748, 5967)
(5865, 5967)
(15, 6084)
(132, 6084)
(249, 6084)
(366, 6084)
(483, 6084)
(600, 6084)
(717, 6084)
(834, 6084)
(951, 6084)
(1068, 6084)
(1185, 6084)
(1302, 6084)
(1419, 6084)
(1536, 6084)
(1653, 6084)
(1770, 6084)
(1887, 6084)
(2004, 6084)
(2121, 6084)
(2238, 6084)
(2355, 6084)
(2472, 6084)
(2589, 6084)
(2706, 6084)
(2823, 6084)
(2940, 6084)
(3057, 6084)
(3174, 6084)
(3291, 6084)
(3408, 6084)
(3525, 6084)
(3642, 6084)
(3759, 6084)
(3876, 6084)
(3993, 6084)
(4110, 6084)
(4227, 6084)
(4344, 6084)
(4461, 6084)
(4578, 6084)
(4695, 6084)
(4812, 6084)
(4929, 6084)
(5046, 6084)
(5163, 6084)
(5280, 6084)
(5397, 6084)
(5514, 6084)
(5631, 6084)
(5748, 6084)
(5865, 6084)
(5982, 6084)
(15, 6201)
(132, 6201)
(249, 6201)
(366, 6201)
(483, 6201)
(600, 6201)
(717, 6201)
(834, 6201)
(951, 6201)
(1068, 6201)
(1185, 6201)
(1302, 6201)
(1419, 6201)
(1536, 6201)
(1653, 6201)
(1770, 6201)
(1887, 6201)
(2004, 6201)
(2121, 6201)
(2238, 6201)
(2355, 6201)
(2472, 6201)
(2589, 6201)
(2706, 6201)
(2823, 6201)
(2940, 6201)
(3057, 6201)
(3174, 6201)
(3291, 6201)
(3408, 6201)
(3525, 6201)
(3642, 6201)
(3759, 6201)
(3876, 6201)
(3993, 6201)
(4110, 6201)
(4227, 6201)
(4344, 6201)
(4461, 6201)
(4578, 6201)
(4695, 6201)
(4812, 6201)
(4929, 6201)
(5046, 6201)
(5163, 6201)
(5280, 6201)
(5397, 6201)
(5514, 6201)
(5631, 6201)
(5748, 6201)
(5865, 6201)
(5982, 6201)
(6099, 6201)
(15, 6318)
(132, 6318)
(249, 6318)
(366, 6318)
(483, 6318)
(600, 6318)
(717, 6318)
(834, 6318)
(951, 6318)
(1068, 6318)
(1185, 6318)
(1302, 6318)
(1419, 6318)
(1536, 6318)
(1653, 6318)
(1770, 6318)
(1887, 6318)
(2004, 6318)
(2121, 6318)
(2238, 6318)
(2355, 6318)
(2472, 6318)
(2589, 6318)
(2706, 6318)
(2823, 6318)
(2940, 6318)
(3057, 6318)
(3174, 6318)
(3291, 6318)
(3408, 6318)
(3525, 6318)
(3642, 6318)
(3759, 6318)
(3876, 6318)
(3993, 6318)
(4110, 6318)
(4227, 6318)
(4344, 6318)
(4461, 6318)
(4578, 6318)
(4695, 6318)
(4812, 6318)
(4929, 6318)
(5046, 6318)
(5163, 6318)
(5280, 6318)
(5397, 6318)
(5514, 6318)
(5631, 6318)
(5748, 6318)
(5865, 6318)
(5982, 6318)
(6099, 6318)
(6216, 6318)
(15, 6435)
(132, 6435)
(249, 6435)
(366, 6435)
(483, 6435)
(600, 6435)
(717, 6435)
(834, 6435)
(951, 6435)
(1068, 6435)
(1185, 6435)
(1302, 6435)
(1419, 6435)
(1536, 6435)
(1653, 6435)
(1770, 6435)
(1887, 6435)
(2004, 6435)
(2121, 6435)
(2238, 6435)
(2355, 6435)
(2472, 6435)
(2589, 6435)
(2706, 6435)
(2823, 6435)
(2940, 6435)
(3057, 6435)
(3174, 6435)
(3291, 6435)
(3408, 6435)
(3525, 6435)
(3642, 6435)
(3759, 6435)
(3876, 6435)
(3993, 6435)
(4110, 6435)
(4227, 6435)
(4344, 6435)
(4461, 6435)
(4578, 6435)
(4695, 6435)
(4812, 6435)
(4929, 6435)
(5046, 6435)
(5163, 6435)
(5280, 6435)
(5397, 6435)
(5514, 6435)
(5631, 6435)
(5748, 6435)
(5865, 6435)
(5982, 6435)
(6099, 6435)
(6216, 6435)
(6333, 6435)
(15, 6552)
(132, 6552)
(249, 6552)
(366, 6552)
(483, 6552)
(600, 6552)
(717, 6552)
(834, 6552)
(951, 6552)
(1068, 6552)
(1185, 6552)
(1302, 6552)
(1419, 6552)
(1536, 6552)
(1653, 6552)
(1770, 6552)
(1887, 6552)
(2004, 6552)
(2121, 6552)
(2238, 6552)
(2355, 6552)
(2472, 6552)
(2589, 6552)
(2706, 6552)
(2823, 6552)
(2940, 6552)
(3057, 6552)
(3174, 6552)
(3291, 6552)
(3408, 6552)
(3525, 6552)
(3642, 6552)
(3759, 6552)
(3876, 6552)
(3993, 6552)
(4110, 6552)
(4227, 6552)
(4344, 6552)
(4461, 6552)
(4578, 6552)
(4695, 6552)
(4812, 6552)
(4929, 6552)
(5046, 6552)
(5163, 6552)
(5280, 6552)
(5397, 6552)
(5514, 6552)
(5631, 6552)
(5748, 6552)
(5865, 6552)
(5982, 6552)
(6099, 6552)
(6216, 6552)
(6333, 6552)
(6450, 6552)
(362, 386)
(362, 772)
(748, 772)
(362, 1158)
(748, 1158)
(1134, 1158)
(362, 1544)
(748, 1544)
(1134, 1544)
(1520, 1544)
(362, 1930)
(748, 1930)
(1134, 1930)
(1520, 1930)
(1906, 1930)
(362, 2316)
(748, 2316)
(1134, 2316)
(1520, 2316)
(1906, 2316)
(2292, 2316)
(362, 2702)
(748, 2702)
(1134, 2702)
(1520, 2702)
(1906, 2702)
(2292, 2702)
(2678, 2702)
(362, 3088)
(748, 3088)
(1134, 3088)
(1520, 3088)
(1906, 3088)
(2292, 3088)
(2678, 3088)
(3064, 3088)
(362, 3474)
(748, 3474)
(1134, 3474)
(1520, 3474)
(1906, 3474)
(2292, 3474)
(2678, 3474)
(3064, 3474)
(3450, 3474)
(362, 3860)
(748, 3860)
(1134, 3860)
(1520, 3860)
(1906, 3860)
(2292, 3860)
(2678, 3860)
(3064, 3860)
(3450, 3860)
(3836, 3860)
(362, 4246)
(748, 4246)
(1134, 4246)
(1520, 4246)
(1906, 4246)
(2292, 4246)
(2678, 4246)
(3064, 4246)
(3450, 4246)
(3836, 4246)
(4222, 4246)
(362, 4632)
(748, 4632)
(1134, 4632)
(1520, 4632)
(1906, 4632)
(2292, 4632)
(2678, 4632)
(3064, 4632)
(3450, 4632)
(3836, 4632)
(4222, 4632)
(4608, 4632)
(362, 5018)
(748, 5018)
(1134, 5018)
(1520, 5018)
(1906, 5018)
(2292, 5018)
(2678, 5018)
(3064, 5018)
(3450, 5018)
(3836, 5018)
(4222, 5018)
(4608, 5018)
(4994, 5018)
(362, 5404)
(748, 5404)
(1134, 5404)
(1520, 5404)
(1906, 5404)
(2292, 5404)
(2678, 5404)
(3064, 5404)
(3450, 5404)
(3836, 5404)
(4222, 5404)
(4608, 5404)
(4994, 5404)
(5380, 5404)
(362, 5790)
(748, 5790)
(1134, 5790)
(1520, 5790)
(1906, 5790)
(2292, 5790)
(2678, 5790)
(3064, 5790)
(3450, 5790)
(3836, 5790)
(4222, 5790)
(4608, 5790)
(4994, 5790)
(5380, 5790)
(5766, 5790)
(362, 6176)
(748, 6176)
(1134, 6176)
(1520, 6176)
(1906, 6176)
(2292, 6176)
(2678, 6176)
(3064, 6176)
(3450, 6176)
(3836, 6176)
(4222, 6176)
(4608, 6176)
(4994, 6176)
(5380, 6176)
(5766, 6176)
(6152, 6176)
(362, 6562)
(748, 6562)
(1134, 6562)
(1520, 6562)
(1906, 6562)
(2292, 6562)
(2678, 6562)
(3064, 6562)
(3450, 6562)
(3836, 6562)
(4222, 6562)
(4608, 6562)
(4994, 6562)
(5380, 6562)
(5766, 6562)
(6152, 6562)
(6538, 6562)
(1439, 3288)
(1439, 6576)
(4727, 6576)
(285, 1316)
(285, 2632)
(1601, 2632)
(285, 3948)
(1601, 3948)
(2917, 3948)
(285, 5264)
(1601, 5264)
(2917, 5264)
(4233, 5264)
(285, 6580)
(1601, 6580)
(2917, 6580)
(4233, 6580)
(5549, 6580)
(119, 3299)
(119, 6598)
(3418, 6598)
(4867, 6618)
(1398, 6636)
(3755, 6652)
(5632, 6658)
(6121, 6690)
(3835, 6700)
(846, 6708)
(104, 3359)
(104, 6718)
(3463, 6718)
(3572, 6732)
(559, 6762)
(5418, 6778)
(1016, 6780)
(1027, 1698)
(1027, 3396)
(2725, 3396)
(1027, 5094)
(2725, 5094)
(4423, 5094)
(1027, 6792)
(2725, 6792)
(4423, 6792)
(6121, 6792)
(6754, 6802)
(934, 6826)
(1774, 6828)
(2562, 3431)
(2562, 6862)
(5993, 6862)
(3387, 6868)
(5439, 6882)
(5182, 6898)
(3047, 6906)
(1149, 3455)
(1149, 6910)
(4604, 6910)
(2745, 6916)
(5904, 6946)
(128, 6948)
(4352, 6970)
(82, 3491)
(82, 6982)
(3573, 6982)
(99, 7012)
(520, 7018)
(867, 7026)
(1568, 7042)
(6492, 7068)
(564, 3539)
(564, 7078)
(4103, 7078)
(2449, 3551)
(2449, 7102)
(6000, 7102)
(3575, 7108)
(2513, 3563)
(2513, 7126)
(6076, 7126)
(294, 3588)
(294, 7176)
(3882, 7176)
(5970, 7186)
(7174, 7210)
(2242, 2404)
(2242, 4808)
(4646, 4808)
(2242, 7212)
(4646, 7212)
(7050, 7212)
(5169, 7218)
(3779, 7228)
(884, 7236)
(2531, 7242)
(1198, 3623)
(1198, 7246)
(4821, 7246)
(2521, 7252)
(4644, 7282)
(1387, 3648)
(1387, 7296)
(5035, 7296)
(5960, 7306)
(1470, 7330)
(2669, 7348)
(222, 1228)
(222, 2456)
(1450, 2456)
(222, 3684)
(1450, 3684)
(2678, 3684)
(222, 4912)
(1450, 4912)
(2678, 4912)
(3906, 4912)
(222, 6140)
(1450, 6140)
(2678, 6140)
(3906, 6140)
(5134, 6140)
(222, 7368)
(1450, 7368)
(2678, 7368)
(3906, 7368)
(5134, 7368)
(6362, 7368)
(3073, 7410)
(682, 3708)
(682, 7416)
(4390, 7416)
(6500, 7450)
(6859, 7458)
(6592, 7476)
(454, 7498)
(5247, 7506)
(4645, 7516)
(4938, 7522)
(3571, 7540)
(6298, 7546)
(1786, 7548)
(2627, 3779)
(2627, 7558)
(6406, 7558)
(2307, 3780)
(2307, 7560)
(6087, 7560)
(3420, 7572)
(3029, 3791)
(3029, 7582)
(6820, 7582)
(2443, 7588)
(3691, 7602)
(2276, 3803)
(2276, 7606)
(6079, 7606)
(3088, 7620)
(1386, 7642)
(7644, 7668)
(2958, 3840)
(2958, 7680)
(6798, 7680)
(3594, 7690)
(526, 3851)
(526, 7702)
(4377, 7702)
(4476, 7716)
(704, 3863)
(704, 7726)
(4567, 7726)
(1043, 7756)
(2966, 7788)
(2062, 3911)
(2062, 7822)
(5973, 7822)
(1275, 7828)
(6331, 7852)
(751, 7876)
(1784, 7882)
(963, 7900)
(636, 7906)
(1069, 3959)
(1069, 7918)
(5028, 7918)
